0.000000	6.005859	0.000000	44696.000000	16797.000000	27899.000000
6.004883	6.004883	0.450000	123176.000000	13314.000000	65166.000000
12.008789	6.003906	0.900000	181798.000000	12572.000000	46050.000000
18.013672	6.004883	1.350000	255896.000000	11141.000000	62957.000000
24.019531	6.005859	1.800000	317913.000000	11948.000000	50069.000000
30.057617	6.038086	2.250000	392944.000000	12536.000000	62495.000000
36.061523	6.003906	2.700000	465726.000000	12694.000000	60088.000000
42.069336	6.007812	3.150000	531593.000000	11665.000000	54202.000000
48.069336	6.000000	3.600000	610575.000000	13374.000000	65608.000000
54.069336	6.000000	4.050000	681139.000000	12788.000000	57776.000000
60.070312	6.000977	4.500000	744938.000000	6809.000000	56990.000000
66.070312	6.000000	4.950000	815852.000000	12917.000000	57997.000000
72.070312	6.000000	5.400000	888909.000000	12285.000000	60772.000000
78.070312	6.000000	5.850000	965809.000000	13342.000000	63558.000000
84.070312	6.000000	6.300000	1041198.000000	12713.000000	62676.000000
90.070312	6.000000	6.750000	1117631.000000	12554.000000	63879.000000
96.070312	6.000000	7.200000	1192425.000000	12385.000000	62409.000000
102.071289	6.000977	7.650000	1265173.000000	12808.000000	59940.000000
108.071289	6.000000	8.100000	1329502.000000	9036.000000	55293.000000
114.071289	6.000000	8.550000	1402333.000000	12718.000000	60113.000000
120.071289	6.000000	9.000000	1447196.000000	9114.000000	35749.000000
126.071289	6.000000	9.450000	1501329.000000	1809.000000	52324.000000
132.071289	6.000000	9.900000	1574808.000000	12641.000000	60838.000000
138.071289	6.000000	10.350000	1620532.000000	7692.000000	38032.000000
144.071289	6.000000	10.800000	1636419.000000	1459.000000	14428.000000
150.071289	6.000000	11.250000	1683881.000000	1908.000000	45554.000000
156.073242	6.001953	11.700000	1759033.000000	12684.000000	62468.000000
162.074219	6.000977	12.150000	1835187.000000	12524.000000	63630.000000
168.074219	6.000000	12.600000	1904822.000000	13016.000000	56619.000000
174.074219	6.000000	13.050000	1959376.000000	12031.000000	42523.000000
180.074219	6.000000	13.500000	2034867.000000	12649.000000	62842.000000
186.083008	6.008789	13.950000	2104501.000000	7613.000000	62021.000000
192.088867	6.005859	14.400000	2180909.000000	13608.000000	62800.000000
198.094727	6.005859	14.850000	2250865.000000	13215.000000	56741.000000
204.134766	6.040039	15.300000	2306107.000000	10007.000000	45235.000000
210.139648	6.004883	15.750000	2378623.000000	12412.000000	60104.000000
216.144531	6.004883	16.200000	2432589.000000	5944.000000	48022.000000
